v2.1.3.0

// ===============================================================
a;Fit;Contact Point;[um];
// ===============================================================

// 2021-09-22, 11:18:11, 0
Single
0	18.14464	1	1	199.68628	-2.12444	-0.12390	15.84657
// 2021-09-22, 11:37:57, 1
Single
0	-64.25744	1	1	187.70819	1.33542	0.00056	15.20203
// 2021-09-22, 11:40:06, 2
Single
0	-156.05301	1	1	137.58854	1.42931	-0.00073	15.61383
// 2021-09-22, 11:41:09, 3
Single
0	28.57169	1	1	78.56279	1.50225	-0.00059	15.70099
// 2021-09-22, 11:41:45, 4
Single
0	30.01392	1	1	78.57110	1.45149	-0.00054	15.61160
// 2021-09-22, 11:42:20, 5
Single
0	52.49882	1	1	92.92799	2.72975	0.00011	29.42062
// 2021-09-22, 11:44:17, 6
Single
0	-5.79053	1	1	119.78007	-0.06153	-0.13070	8.00085
// 2021-09-22, 11:45:17, 7
Single
0	20.22894	1	1	139.78602	-1.29000	-0.10905	8.74742
// 2021-09-22, 11:46:50, 8
Single
0	72.96635	1	1	129.40093	-7.08569	0.01040	38.72419
// 2021-09-22, 11:47:48, 9
Single
0	60.15663	1	1	136.14377	5.88813	-0.01180	59.35564
// 2021-09-22, 11:49:29, 10
Single
0	-313.13936	1	1	139.79921	7.64310	-0.11678	15.92123
// 2021-09-22, 11:51:55, 11
Array
0	-26.79383	1	1	139.86841	0.56657	-0.04483	9.96273
1	24.10024	1	1	139.75995	-1.19983	-0.12610	9.03840
2	34.92222	1	1	139.90128	-2.32111	0.00242	8.24839
3	42.15070	1	1	139.83236	-3.02103	-0.05317	7.80062
4	49.26871	1	1	139.89465	-3.70194	0.00186	6.67538
5	45.31422	1	1	139.97723	-3.53817	0.00424	6.84169
6	46.31696	1	1	139.89181	-3.48493	0.00347	6.87648
7	46.66842	1	1	139.96529	-3.24745	0.00203	6.67298
8	45.04886	1	1	139.95872	-3.58315	0.00383	6.43653
9	47.15801	1	1	139.77510	-3.17517	-0.08804	9.68211
10	36.40747	1	1	139.76240	-2.25954	-0.12539	8.47017
11	47.66344	1	1	139.92663	-3.65395	0.00449	7.43915
12	51.16872	1	1	139.78388	-4.68619	-0.10016	6.65228
13	73.44553	1	1	139.98005	-5.12546	0.00638	6.25431
14	64.49654	1	1	139.74931	-5.36872	-0.13600	5.80115
15	62.94923	1	1	139.91092	-5.42484	0.00795	5.44582
16	70.85394	1	1	139.91825	-5.11065	0.00486	5.86542
17	46.49693	1	1	139.93724	-4.72897	0.00591	6.17803
18	53.81805	1	1	139.92094	-4.37826	0.00478	6.69923
19	45.53705	1	1	139.88501	-3.13603	-0.01443	6.66989
20	49.40976	1	1	139.76352	-4.62536	-0.12193	6.40067
21	64.34628	1	1	139.94216	-5.30832	0.00620	5.97363
22	63.42981	1	1	139.91759	-6.06734	0.00711	5.26778
23	65.99237	1	1	139.87671	-6.29007	0.00492	5.63691
24	66.32634	1	1	139.91613	-6.68035	0.00641	5.41362
25	65.29955	1	1	139.83600	-6.54640	-0.05950	4.71278
26	64.33185	1	1	139.88219	-6.24945	-0.00040	4.75837
27	63.64125	1	1	139.87030	-5.88618	-0.01745	5.08500
28	69.79989	1	1	139.80050	-5.17387	-0.09126	5.49505
29	48.41310	1	1	139.78794	-4.09893	-0.10406	5.66778
30	63.03317	1	1	139.80326	-5.79822	-0.07830	5.38568
31	65.36098	1	1	139.93473	-6.30668	0.00588	5.28791
32	65.34527	1	1	139.75488	-6.73026	-0.13856	5.32765
33	58.92170	1	1	139.72529	-6.45777	-0.10367	10.59045
34	74.66454	1	1	139.46913	-4.78387	-0.09784	36.72613
35	65.33344	1	1	139.74286	-7.15868	-0.13511	4.44739
36	65.61053	1	1	139.79167	-6.71322	-0.08918	4.71797
37	62.83788	1	1	139.78980	-6.42166	-0.09943	4.66756
38	69.13148	1	1	139.78067	-6.01099	-0.12414	4.44227
39	38.85733	1	1	139.96762	-4.44971	0.00367	1.79727
40	64.29353	1	1	139.77513	-6.40974	-0.10547	4.78728
41	65.88911	1	1	139.82986	-6.94373	-0.04764	4.81906
42	66.08904	1	1	139.89855	-7.18721	0.00818	4.94486
43	75.05919	1	1	139.46320	-4.54028	-0.09780	38.39186
44	73.47960	1	1	134.77683	-3.13465	0.00796	51.45530
45	73.74187	1	1	139.50308	-5.54523	-0.11693	31.09151
46	63.80029	1	1	139.76769	-7.58407	-0.10785	3.43264
47	63.03435	1	1	139.90137	-6.92876	0.00748	4.44588
48	62.41499	1	1	139.87500	-6.28204	-0.02868	4.44891
49	45.21308	1	1	139.96982	-5.32233	0.00497	2.07679
50	65.89330	1	1	139.94729	-6.91187	0.00679	4.60240
51	66.40414	1	1	139.85036	-7.29137	-0.03132	4.86918
52	63.68697	1	1	139.72991	-7.26133	-0.10074	8.32092
53	73.73278	1	1	134.66760	-3.10688	0.00892	51.53527
54	73.88922	1	1	133.20920	-3.22748	0.00800	51.28734
55	72.95251	1	1	139.39260	-4.72304	-0.11931	43.45754
56	83.79681	1	1	139.77711	-7.95759	-0.11414	2.56822
57	62.11423	1	1	139.86768	-7.33538	-0.03390	3.28193
58	59.38232	1	1	139.79155	-6.71506	-0.10599	3.45487
59	51.05987	1	1	139.88248	-5.83069	-0.05948	1.00141
60	65.92645	1	1	139.79541	-7.06142	-0.08738	4.43443
61	67.66317	1	1	139.84397	-7.61774	-0.03031	4.48419
62	73.76678	1	1	139.59163	-5.60306	-0.03308	30.69523
63	75.15757	1	1	139.38934	-4.60228	-0.13966	41.08690
64	75.66703	1	1	139.40378	-4.06737	-0.08323	46.14528
65	75.10418	1	1	139.41966	-4.28081	-0.10429	41.95531
66	73.25249	1	1	139.78098	-6.63739	-0.01595	13.26594
67	64.53985	1	1	139.78307	-7.59413	-0.10240	3.74392
68	68.30467	1	1	139.95985	-7.01499	0.00805	3.84214
69	52.18483	1	1	139.84718	-6.17566	-0.07967	1.07574
70	65.09564	1	1	139.77112	-7.04162	-0.10942	4.29369
71	67.36468	1	1	139.88506	-7.58694	-0.01186	3.80527
72	65.87488	1	1	139.88786	-7.90674	0.00427	3.86605
73	62.82389	1	1	139.87711	-7.96533	-0.00678	3.52628
74	63.83531	1	1	139.79458	-8.27512	-0.08048	2.74226
75	68.28293	1	1	139.83957	-8.14979	-0.04445	2.55950
76	64.01700	1	1	139.77608	-7.99810	-0.11327	2.93806
77	65.20826	1	1	139.92337	-7.43656	0.00774	3.75745
78	62.23840	1	1	139.79598	-6.86412	-0.08629	3.98735
79	50.93472	1	1	139.93972	-6.14404	0.00550	2.05234
80	64.64076	1	1	139.77504	-6.86227	-0.10741	4.11741
81	64.49701	1	1	139.89409	-7.32569	0.00619	4.12645
82	65.76510	1	1	139.86379	-7.72417	-0.00026	3.65815
83	67.69027	1	1	139.83390	-7.85892	-0.04659	3.54719
84	66.86123	1	1	139.85808	-7.91688	-0.02154	3.44659
85	63.54578	1	1	139.96882	-7.77249	0.00719	3.80200
86	66.09017	1	1	139.98831	-7.70032	0.00809	3.27056
87	64.47901	1	1	139.77922	-7.18647	-0.10400	3.98983
88	62.21903	1	1	139.83609	-6.61396	-0.04557	3.97775
89	48.65325	1	1	139.82031	-5.90537	-0.09552	2.00864
90	63.80738	1	1	139.92988	-6.84069	0.00656	3.62379
91	64.48886	1	1	139.87948	-7.35736	-0.01461	3.57588
92	63.83432	1	1	139.95193	-7.52883	0.00843	3.37589
93	65.44898	1	1	139.76626	-7.77331	-0.11681	3.23962
94	68.26007	1	1	139.97103	-7.88184	0.00771	2.89307
95	69.06645	1	1	139.95254	-7.74496	0.00755	2.28619
96	62.47645	1	1	139.83959	-7.47151	-0.03624	3.76790
97	60.16580	1	1	139.79437	-7.23175	-0.09111	3.38994
98	60.08792	1	1	139.87674	-6.70872	-0.02015	3.29588
99	45.87276	1	1	139.79330	-5.87163	-0.11437	1.52880

// ===============================================================
b;Fit;Stiffness;[N/m];
// ===============================================================

// 2021-09-22, 11:18:11, 0
Single
0	1.86927	1	1	199.68628	175.58895	-0.12390	15.84657
// 2021-09-22, 11:37:57, 1
Single
0	1.81522	1	1	187.70819	138.46082	0.00056	15.20203
// 2021-09-22, 11:40:06, 2
Single
0	6.85776	1	1	137.58854	141.69852	-0.00073	15.61383
// 2021-09-22, 11:41:09, 3
Single
0	6.89431	1	1	78.56279	141.91200	-0.00059	15.70099
// 2021-09-22, 11:41:45, 4
Single
0	6.87500	1	1	78.57110	141.47920	-0.00054	15.61160
// 2021-09-22, 11:42:20, 5
Single
0	8.40759	1	1	92.92799	266.67288	0.00011	29.42062
// 2021-09-22, 11:44:17, 6
Single
0	1.17132	1	1	119.78007	79.66642	-0.13070	8.00085
// 2021-09-22, 11:45:17, 7
Single
0	1.26940	1	1	139.78602	97.96892	-0.10905	8.74742
// 2021-09-22, 11:46:50, 8
Single
0	9.80291	1	1	129.40093	445.92312	0.01040	38.72419
// 2021-09-22, 11:47:48, 9
Single
0	10.27856	1	1	136.14377	534.62244	-0.01180	59.35564
// 2021-09-22, 11:49:29, 10
Single
0	1.12353	1	1	139.79921	89.50458	-0.11678	15.92123
// 2021-09-22, 11:51:55, 11
Array
0	1.20423	1	1	139.86841	93.48413	-0.04483	9.96273
1	1.32209	1	1	139.75995	100.04484	-0.12610	9.03840
2	1.36334	1	1	139.90128	102.19951	0.00242	8.24839
3	1.40153	1	1	139.83236	103.99307	-0.05317	7.80062
4	1.29699	1	1	139.89465	98.91824	0.00186	6.67538
5	1.30416	1	1	139.97723	99.10714	0.00424	6.84169
6	1.30770	1	1	139.89181	98.97792	0.00347	6.87648
7	1.23526	1	1	139.96529	94.85462	0.00203	6.67298
8	1.17534	1	1	139.95872	95.50040	0.00383	6.43653
9	1.79081	1	1	139.77510	123.96900	-0.08804	9.68211
10	1.40576	1	1	139.76240	103.84540	-0.12539	8.47017
11	1.44045	1	1	139.92663	106.04444	0.00449	7.43915
12	1.47118	1	1	139.78388	107.43869	-0.10016	6.65228
13	1.46160	1	1	139.98005	107.40789	0.00638	6.25431
14	1.42716	1	1	139.74931	105.08882	-0.13600	5.80115
15	1.36464	1	1	139.91092	102.07393	0.00795	5.44582
16	1.39310	1	1	139.91825	103.43051	0.00486	5.86542
17	1.37564	1	1	139.93724	103.12910	0.00591	6.17803
18	1.39465	1	1	139.92094	105.16575	0.00478	6.69923
19	1.19250	1	1	139.88501	93.83367	-0.01443	6.66989
20	1.41781	1	1	139.76352	104.40986	-0.12193	6.40067
21	1.45436	1	1	139.94216	106.25763	0.00620	5.97363
22	1.41640	1	1	139.91759	106.02440	0.00711	5.26778
23	1.53911	1	1	139.87671	111.65450	0.00492	5.63691
24	1.53137	1	1	139.91613	112.91559	0.00641	5.41362
25	1.42601	1	1	139.83600	104.79439	-0.05950	4.71278
26	1.37571	1	1	139.88219	102.60570	-0.00040	4.75837
27	1.37410	1	1	139.87030	102.60653	-0.01745	5.08500
28	1.33543	1	1	139.80050	100.32993	-0.09126	5.49505
29	1.19338	1	1	139.78794	92.48300	-0.10406	5.66778
30	1.41540	1	1	139.80326	104.79814	-0.07830	5.38568
31	1.48864	1	1	139.93473	108.35094	0.00588	5.28791
32	1.56261	1	1	139.75488	112.50906	-0.13856	5.32765
33	2.43078	1	1	139.72529	162.13023	-0.10367	10.59045
34	7.08995	1	1	139.46913	405.70393	-0.09784	36.72613
35	1.44568	1	1	139.74286	107.61242	-0.13511	4.44739
36	1.45907	1	1	139.79167	106.32858	-0.08918	4.71797
37	1.38856	1	1	139.78980	103.23838	-0.09943	4.66756
38	1.27925	1	1	139.78067	97.36014	-0.12414	4.44227
39	0.58380	1	1	139.96762	57.32604	0.00367	1.79727
40	1.42425	1	1	139.77513	104.31636	-0.10547	4.78728
41	1.51059	1	1	139.82986	109.37719	-0.04764	4.81906
42	1.56010	1	1	139.89855	112.78543	0.00818	4.94486
43	7.60043	1	1	139.46320	420.01095	-0.09780	38.39186
44	10.92561	1	1	134.77683	536.69933	0.00796	51.45530
45	6.37403	1	1	139.50308	356.75138	-0.11693	31.09151
46	1.34383	1	1	139.76769	101.35890	-0.10785	3.43264
47	1.42736	1	1	139.90137	105.55375	0.00748	4.44588
48	1.32714	1	1	139.87500	99.83510	-0.02868	4.44891
49	0.73219	1	1	139.96982	67.84674	0.00497	2.07679
50	1.46350	1	1	139.94729	106.95148	0.00679	4.60240
51	1.55552	1	1	139.85036	112.96296	-0.03132	4.86918
52	2.03287	1	1	139.72991	146.82983	-0.10074	8.32092
53	10.92638	1	1	134.66760	537.24323	0.00892	51.53527
54	11.23046	1	1	133.20920	535.86348	0.00800	51.28734
55	8.50100	1	1	139.39260	471.72934	-0.11931	43.45754
56	1.22830	1	1	139.77711	96.13104	-0.11414	2.56822
57	1.27136	1	1	139.86768	97.65806	-0.03390	3.28193
58	1.19916	1	1	139.79155	93.85429	-0.10599	3.45487
59	0.65765	1	1	139.88248	61.73123	-0.05948	1.00141
60	1.46602	1	1	139.79541	106.61973	-0.08738	4.43443
61	1.55399	1	1	139.84397	112.05689	-0.03031	4.48419
62	6.17411	1	1	139.59163	353.34674	-0.03308	30.69523
63	8.11349	1	1	139.38934	447.21290	-0.13966	41.08690
64	9.03461	1	1	139.40378	492.47987	-0.08323	46.14528
65	8.28098	1	1	139.41966	452.94302	-0.10429	41.95531
66	3.14024	1	1	139.78098	190.18443	-0.01595	13.26594
67	1.41091	1	1	139.78307	104.52655	-0.10240	3.74392
68	1.34132	1	1	139.95985	100.34991	0.00805	3.84214
69	0.71391	1	1	139.84718	65.53260	-0.07967	1.07574
70	1.43079	1	1	139.77112	105.05201	-0.10942	4.29369
71	1.43029	1	1	139.88506	105.06934	-0.01186	3.80527
72	1.48831	1	1	139.88786	108.51305	0.00427	3.86605
73	1.41422	1	1	139.87711	105.67401	-0.00678	3.52628
74	1.31291	1	1	139.79458	100.67452	-0.08048	2.74226
75	1.24693	1	1	139.83957	97.75325	-0.04445	2.55950
76	1.31560	1	1	139.77608	100.14840	-0.11327	2.93806
77	1.38340	1	1	139.92337	103.25976	0.00774	3.75745
78	1.34212	1	1	139.79598	100.44487	-0.08629	3.98735
79	0.86994	1	1	139.93972	74.90906	0.00550	2.05234
80	1.36725	1	1	139.77504	101.71463	-0.10741	4.11741
81	1.44090	1	1	139.89409	105.92318	0.00619	4.12645
82	1.42222	1	1	139.86379	104.83439	-0.00026	3.65815
83	1.43623	1	1	139.83390	104.93483	-0.04659	3.54719
84	1.41935	1	1	139.85808	104.45520	-0.02154	3.44659
85	1.41744	1	1	139.96882	106.68642	0.00719	3.80200
86	1.34650	1	1	139.98831	100.78950	0.00809	3.27056
87	1.40238	1	1	139.77922	103.33472	-0.10400	3.98983
88	1.30269	1	1	139.83609	98.12620	-0.04557	3.97775
89	0.82421	1	1	139.82031	72.35539	-0.09552	2.00864
90	1.27614	1	1	139.92988	96.64140	0.00656	3.62379
91	1.34871	1	1	139.87948	100.76025	-0.01461	3.57588
92	1.33303	1	1	139.95193	100.30669	0.00843	3.37589
93	1.35996	1	1	139.76626	101.13230	-0.11681	3.23962
94	1.30736	1	1	139.97103	98.67001	0.00771	2.89307
95	1.16709	1	1	139.95254	91.45193	0.00755	2.28619
96	1.39132	1	1	139.83959	103.67379	-0.03624	3.76790
97	1.27760	1	1	139.79437	97.80493	-0.09111	3.38994
98	1.19455	1	1	139.87674	92.22570	-0.02015	3.29588
99	0.74836	1	1	139.79330	67.31035	-0.11437	1.52880
